1 0.000550 0.000614
2 0.001874 0.002758
3 0.002447 0.008413
4 0.002611 0.007389
5 0.002067 0.008562
6 0.004750 0.012643
7 0.003008 0.010755
8 0.003324 0.012707
9 0.003745 0.013104
10 0.007617 0.010857
11 0.009409 0.010484
12 0.007126 0.013774
13 0.007164 0.012125
14 0.009894 0.018916
15 0.008905 0.016425
16 0.011061 0.018133
17 0.007591 0.018103
18 0.012398 0.015193
19 0.012593 0.018676
20 0.013109 0.015532
21 0.010937 0.022646
22 0.008585 0.015889
23 0.010028 0.020680
24 0.010182 0.016818
25 0.010447 0.020421
26 0.013567 0.017624
27 0.011431 0.021337
28 0.012427 0.023232
29 0.013335 0.021828
30 0.018077 0.022126
31 0.013076 0.022546
32 0.014313 0.022924
33 0.014959 0.023270
34 0.013452 0.034305
35 0.016803 0.023774
36 0.018259 0.022797
37 0.015095 0.025766
38 0.015956 0.028514
39 0.015519 0.027797
40 0.017643 0.026393
41 0.017245 0.030013
42 0.018217 0.027355
43 0.017151 0.028942
44 0.018919 0.028622
45 0.023105 0.028725
46 0.020620 0.029116
47 0.019821 0.031860
48 0.024300 0.032769
49 0.023829 0.034035
50 0.021958 0.032199
51 0.020195 0.035360
52 0.025765 0.032642
53 0.023911 0.031354
54 0.023684 0.034067
55 0.022491 0.034322
56 0.023245 0.039249
57 0.028213 0.036543
58 0.025640 0.039955
59 0.025175 0.038125
60 0.024741 0.041091
61 0.027691 0.044590
62 0.027605 0.041832
63 0.025290 0.041906
64 0.028047 0.043624
65 0.027361 0.039533
66 0.029784 0.044295
67 0.027529 0.043324
68 0.031525 0.045619
69 0.031354 0.042013
70 0.029380 0.043708
71 0.032172 0.043996
72 0.028342 0.042985
73 0.030602 0.044440
74 0.030189 0.048932
75 0.030205 0.045857
76 0.035120 0.047722
77 0.032637 0.053318
78 0.036627 0.050916
79 0.037289 0.053466
80 0.038998 0.068014
81 0.033097 0.052275
82 0.035652 0.055157
83 0.037025 0.051567
84 0.035117 0.052378
85 0.034277 0.055463
86 0.034827 0.052482
87 0.036590 0.055115
88 0.038087 0.054487
89 0.036893 0.066575
90 0.047196 0.063885
91 0.039458 0.056068
92 0.037355 0.059377
93 0.037582 0.058471
94 0.037528 0.058963
95 0.038852 0.060048
96 0.044567 0.091898
97 0.043339 0.061322
98 0.042169 0.060525
99 0.040795 0.063863
100 0.045274 0.075323
