1 0.000087 0.000205
2 0.000075 0.000216
3 0.000085 0.000233
4 0.000068 0.000277
5 0.000083 0.000263
6 0.000099 0.000309
7 0.000096 0.000348
8 0.000101 0.000330
9 0.000105 0.000328
10 0.000061 0.000197
11 0.000056 0.000192
12 0.000056 0.000229
13 0.000063 0.000241
14 0.000071 0.000253
15 0.000070 0.000253
16 0.000138 0.000466
17 0.000143 0.000455
18 0.000148 0.000509
19 0.000081 0.000294
20 0.000084 0.000294
21 0.000094 0.000300
22 0.000091 0.000340
23 0.000095 0.000341
24 0.000149 0.000592
25 0.000165 0.000622
26 0.000167 0.000616
27 0.000188 0.000671
28 0.000209 0.000619
29 0.000188 0.000611
30 0.000170 0.000587
31 0.000214 0.000621
32 0.000174 0.000749
33 0.000207 0.000374
34 0.000096 0.000383
35 0.000201 0.000627
36 0.000191 0.000705
37 0.000190 0.000745
38 0.000208 0.000821
39 0.000234 0.000851
40 0.000197 0.000733
41 0.000191 0.000674
42 0.000254 0.000909
43 0.000252 0.000869
44 0.000225 0.000937
45 0.000232 0.000853
46 0.000238 0.000989
47 0.000265 0.001084
48 0.000216 0.000782
49 0.000216 0.000911
50 0.000230 0.000829
51 0.000254 0.000933
52 0.000260 0.001065
53 0.000296 0.000840
54 0.000278 0.000953
55 0.000234 0.000948
56 0.000273 0.001008
57 0.000268 0.001014
58 0.000282 0.001139
59 0.000331 0.001190
60 0.000236 0.001043
61 0.000329 0.000973
62 0.000305 0.001226
63 0.000301 0.001265
64 0.000281 0.000988
65 0.000299 0.001135
66 0.000319 0.001162
67 0.000395 0.001252
68 0.000296 0.001297
69 0.000323 0.001078
70 0.000353 0.001087
71 0.000292 0.001357
72 0.000322 0.001108
73 0.000297 0.001279
74 0.000401 0.000687
75 0.000192 0.001166
76 0.000321 0.001167
77 0.000337 0.001186
78 0.000341 0.001168
79 0.000349 0.001384
80 0.000299 0.001406
81 0.000422 0.001511
82 0.000309 0.001314
83 0.000464 0.001549
84 0.000435 0.001408
85 0.000408 0.001451
86 0.000488 0.001353
87 0.000366 0.001323
88 0.000372 0.001603
89 0.000423 0.001488
90 0.000424 0.001477
91 0.000427 0.001666
92 0.000387 0.001406
93 0.000487 0.001433
94 0.000379 0.001606
95 0.000492 0.001558
96 0.000480 0.001753
97 0.000418 0.001410
98 0.000434 0.001616
99 0.000472 0.001810
100 0.000576 0.001523
101 0.000446 0.001518
102 0.000535 0.001532
103 0.000386 0.001625
104 0.000360 0.001255
105 0.000433 0.001504
106 0.000458 0.001880
107 0.000507 0.001456
108 0.000493 0.001610
109 0.000489 0.001798
110 0.000439 0.001397
111 0.000542 0.001946
112 0.000496 0.001591
113 0.000495 0.001848
114 0.000547 0.001436
115 0.000559 0.001830
116 0.000444 0.001888
117 0.000647 0.002082
118 0.000461 0.001984
119 0.000658 0.001843
120 0.000515 0.001898
121 0.000616 0.001782
122 0.000517 0.001928
123 0.000600 0.001519
124 0.000625 0.002137
125 0.000602 0.001740
126 0.000652 0.001977
127 0.000601 0.001595
128 0.000650 0.001797
129 0.000549 0.002045
130 0.000581 0.001754
131 0.000503 0.002325
132 0.000584 0.001892
133 0.000511 0.002381
134 0.000549 0.001829
135 0.000709 0.002350
136 0.000606 0.001961
137 0.000516 0.002147
138 0.000711 0.001950
139 0.000591 0.002130
140 0.000680 0.001860
141 0.000676 0.002111
142 0.000700 0.002001
143 0.000719 0.002270
144 0.000724 0.002268
145 0.000731 0.002277
146 0.000693 0.001935
147 0.000702 0.002277
148 0.000754 0.002303
149 0.000610 0.002625
150 0.000622 0.001842
151 0.000624 0.002129
152 0.000770 0.002161
153 0.000660 0.002090
154 0.000770 0.002217
155 0.000683 0.002508
156 0.000634 0.002442
157 0.000791 0.002075
158 0.000737 0.002733
159 0.000703 0.002180
160 0.000730 0.002260
161 0.000773 0.002282
162 0.000761 0.002273
163 0.000719 0.002186
164 0.000748 0.002189
165 0.000809 0.002344
166 0.000773 0.002531
167 0.000868 0.002525
168 0.000640 0.002931
169 0.000733 0.002077
170 0.000819 0.002917
171 0.000812 0.002404
172 0.000895 0.002234
173 0.000562 0.001755
174 0.000927 0.002373
175 0.000936 0.002763
176 0.000671 0.002690
177 0.000848 0.002379
178 0.000756 0.003007
179 0.000807 0.002213
180 0.000688 0.002791
181 0.000822 0.002103
182 0.000707 0.002331
183 0.000971 0.002786
184 0.000982 0.002251
185 0.000905 0.002539
186 0.000920 0.002624
187 0.000811 0.003220
188 0.000865 0.002522
189 0.000743 0.003288
190 0.000804 0.002374
191 0.000901 0.002952
192 0.001029 0.002608
193 0.000972 0.002499
194 0.000977 0.002650
195 0.000860 0.002381
196 0.000956 0.002672
197 0.001031 0.002649
198 0.000999 0.003401
199 0.000946 0.002714
200 0.000987 0.003065
201 0.000968 0.002552
202 0.000875 0.002571
203 0.000999 0.002699
204 0.000763 0.003042
205 0.000890 0.002457
206 0.000827 0.002857
207 0.001032 0.002755
208 0.000895 0.003119
209 0.001059 0.002822
210 0.000852 0.003204
211 0.001015 0.002856
212 0.000946 0.002794
213 0.001028 0.002783
214 0.000899 0.003272
215 0.001043 0.003037
216 0.001141 0.003125
217 0.000997 0.003575
218 0.001114 0.003303
219 0.001145 0.002625
220 0.001136 0.003359
221 0.000996 0.002948
222 0.001160 0.003156
223 0.001144 0.002724
224 0.001142 0.003167
225 0.000962 0.003527
226 0.001226 0.002849
227 0.001103 0.003061
228 0.000982 0.003553
229 0.001100 0.002739
230 0.001180 0.003527
231 0.001036 0.002676
232 0.001166 0.003921
233 0.001193 0.003608
234 0.001152 0.002819
235 0.000928 0.003948
236 0.001304 0.003054
237 0.001216 0.003042
238 0.001083 0.003210
239 0.001194 0.002802
240 0.001021 0.003255
241 0.001112 0.002922
242 0.001043 0.003192
243 0.001315 0.003125
244 0.001136 0.003686
245 0.001347 0.003070
246 0.001167 0.003171
247 0.001391 0.003197
248 0.001205 0.002974
249 0.001203 0.003556
250 0.001329 0.003063
251 0.001098 0.002775
252 0.001532 0.003064
253 0.001186 0.003314
254 0.001054 0.003686
255 0.001423 0.003230
256 0.001152 0.003500
257 0.001350 0.003127
258 0.001292 0.003371
259 0.001254 0.004487
260 0.001269 0.003498
261 0.001264 0.003072
262 0.001189 0.003284
263 0.001486 0.003359
264 0.001325 0.003174
265 0.001501 0.003114
266 0.001331 0.003128
267 0.001532 0.003866
268 0.001330 0.003936
269 0.001458 0.004023
270 0.001461 0.003198
271 0.001252 0.003569
272 0.001359 0.003178
273 0.001466 0.003385
274 0.001360 0.003567
275 0.001462 0.003481
276 0.001525 0.003519
277 0.000986 0.002210
278 0.001587 0.003238
279 0.001287 0.004137
280 0.001604 0.003502
281 0.001559 0.003811
282 0.001429 0.003637
283 0.001438 0.003364
284 0.001528 0.003661
285 0.001454 0.004213
286 0.001578 0.003499
287 0.001628 0.003588
288 0.001590 0.003832
289 0.001633 0.003405
290 0.001722 0.003962
291 0.001543 0.003484
292 0.001505 0.003908
293 0.001151 0.004863
294 0.001407 0.003694
295 0.001724 0.003685
296 0.001445 0.003783
297 0.001647 0.003791
298 0.001509 0.003288
299 0.001442 0.003818
300 0.001814 0.003929
