1 0.000118 0.000147
2 0.000130 0.000179
3 0.000142 0.000215
4 0.000152 0.000255
5 0.000271 0.000322
6 0.000263 0.000509
7 0.000263 0.000520
8 0.000260 0.000530
9 0.000323 0.000756
10 0.000412 0.001002
11 0.000421 0.000965
12 0.000325 0.000904
13 0.000325 0.000967
14 0.000412 0.001170
15 0.000511 0.002203
16 0.000732 0.002001
17 0.000848 0.002498
18 0.000957 0.002479
19 0.000767 0.002650
20 0.001119 0.002768
21 0.001073 0.003157
22 0.001403 0.003347
23 0.001269 0.003964
24 0.001838 0.004363
25 0.001827 0.003159
26 0.002006 0.005277
27 0.002259 0.005280
28 0.001630 0.005796
29 0.002926 0.005059
30 0.002234 0.006293
31 0.003640 0.005888
32 0.003198 0.006295
33 0.003902 0.006122
34 0.005440 0.006835
35 0.005162 0.006200
36 0.004303 0.007453
37 0.005837 0.007947
38 0.006331 0.009146
39 0.006543 0.008226
40 0.008964 0.008101
41 0.009373 0.008989
42 0.009168 0.010350
43 0.008662 0.010290
44 0.012118 0.010220
45 0.010821 0.011300
46 0.012661 0.012026
47 0.012978 0.009998
48 0.012745 0.010544
49 0.013593 0.012465
50 0.015557 0.013644
51 0.015650 0.012488
52 0.015275 0.012153
53 0.020526 0.014461
54 0.019228 0.015220
55 0.021672 0.015068
56 0.022373 0.015863
57 0.021614 0.016230
58 0.021896 0.016025
59 0.021567 0.016285
60 0.023868 0.017592
61 0.027119 0.017724
62 0.029924 0.016781
63 0.030231 0.016353
64 0.034106 0.018719
65 0.036456 0.018918
66 0.037607 0.021287
67 0.043635 0.021690
68 0.045162 0.022173
69 0.050620 0.021821
70 0.050009 0.023765
71 0.051181 0.022486
72 0.054304 0.022850
73 0.054887 0.022323
74 0.062551 0.023439
75 0.065373 0.023757
76 0.064647 0.025700
77 0.086702 0.026480
78 0.077171 0.027739
79 0.081834 0.027132
80 0.082593 0.028409
81 0.090653 0.028069
82 0.091581 0.031137
83 0.098984 0.030501
84 0.103140 0.030450
85 0.097139 0.030729
86 0.104923 0.029665
87 0.111514 0.031720
88 0.113549 0.031012
89 0.121785 0.033239
90 0.123646 0.032577
91 0.134373 0.031080
92 0.132421 0.034367
93 0.143763 0.035385
94 0.144104 0.034868
95 0.161394 0.037642
96 0.162185 0.037123
97 0.192248 0.039236
98 0.257343 0.045685
99 0.265274 0.044283
100 0.196247 0.040463
