1 0.000043 0.000257
2 0.000107 0.000229
3 0.000044 0.000156
4 0.000090 0.000256
5 0.000082 0.000275
6 0.000096 0.000349
7 0.000078 0.000380
8 0.000119 0.000379
9 0.000089 0.000428
10 0.000100 0.000384
11 0.000100 0.000430
12 0.000097 0.000549
13 0.000102 0.000501
14 0.000125 0.000442
15 0.000132 0.000579
16 0.000126 0.000539
17 0.000124 0.000628
18 0.000130 0.000606
19 0.000133 0.000684
20 0.000146 0.000736
21 0.000121 0.000643
22 0.000117 0.000508
23 0.000111 0.000504
24 0.000073 0.000351
25 0.000073 0.000365
26 0.000073 0.000410
27 0.000084 0.000426
28 0.000090 0.000419
29 0.000082 0.000857
30 0.000194 0.000950
31 0.000195 0.000988
32 0.000149 0.001003
33 0.000194 0.000749
34 0.000199 0.001067
35 0.000192 0.001100
36 0.000193 0.001099
37 0.000197 0.000840
38 0.000148 0.001094
39 0.000174 0.000987
40 0.000180 0.001015
41 0.000193 0.001269
42 0.000176 0.000981
43 0.000174 0.000989
44 0.000202 0.001283
45 0.000231 0.000900
46 0.000231 0.001303
47 0.000211 0.000692
48 0.000124 0.000783
49 0.000120 0.000708
50 0.000136 0.000789
51 0.000126 0.000855
52 0.000130 0.000821
53 0.000130 0.000763
54 0.000135 0.000764
55 0.000135 0.000876
56 0.000130 0.000771
57 0.000156 0.000802
58 0.000140 0.000823
59 0.000141 0.000933
60 0.000170 0.001666
61 0.000300 0.001389
62 0.000301 0.001538
63 0.000228 0.001589
64 0.000309 0.001702
65 0.000228 0.001813
66 0.000328 0.001389
67 0.000183 0.001096
68 0.000174 0.001148
69 0.000170 0.001125
70 0.000165 0.001184
71 0.000164 0.001133
72 0.000310 0.001837
73 0.000266 0.001937
74 0.000253 0.001512
75 0.000257 0.001713
76 0.000296 0.002084
77 0.000379 0.001677
78 0.000326 0.001775
79 0.000299 0.001957
80 0.000384 0.001852
81 0.000290 0.001544
82 0.000331 0.001978
83 0.000347 0.002252
84 0.000369 0.001941
85 0.000293 0.002266
86 0.000428 0.001813
87 0.000363 0.001989
88 0.000339 0.002440
89 0.000253 0.001438
90 0.000454 0.002431
91 0.000307 0.001684
92 0.000310 0.002374
93 0.000446 0.002007
94 0.000333 0.002514
95 0.000317 0.001895
96 0.000358 0.002085
97 0.000358 0.002136
98 0.000294 0.001785
99 0.000461 0.002261
100 0.000380 0.002117
101 0.000396 0.001943
102 0.000334 0.002148
103 0.000383 0.002154
104 0.000396 0.002268
105 0.000389 0.002346
106 0.000244 0.002841
107 0.000385 0.002233
108 0.000465 0.001894
109 0.000312 0.002575
110 0.000426 0.002332
111 0.000459 0.002194
112 0.000440 0.002377
113 0.000378 0.002459
114 0.000485 0.002536
115 0.000393 0.002650
116 0.000530 0.002442
117 0.000444 0.002482
118 0.000496 0.002794
119 0.000402 0.002896
120 0.000594 0.002474
121 0.000427 0.003193
122 0.000421 0.002285
123 0.000498 0.003004
124 0.000534 0.002809
125 0.000392 0.002563
126 0.000624 0.002797
127 0.000425 0.002818
128 0.000485 0.002557
129 0.000402 0.003037
130 0.000513 0.002763
131 0.000449 0.003417
132 0.000476 0.002572
133 0.000535 0.002784
134 0.000587 0.002755
135 0.000401 0.002196
136 0.000501 0.002910
137 0.000542 0.003216
138 0.000551 0.002855
139 0.000480 0.003608
140 0.000487 0.002661
141 0.000500 0.003286
142 0.000624 0.002682
143 0.000507 0.003041
144 0.000572 0.002910
145 0.000497 0.003075
146 0.000571 0.003346
147 0.000640 0.002971
148 0.000566 0.003923
149 0.000532 0.002579
150 0.000596 0.003144
151 0.000591 0.003173
152 0.000612 0.003008
153 0.000542 0.003342
154 0.000667 0.003008
155 0.000617 0.003642
156 0.000478 0.003257
157 0.000732 0.003247
158 0.000660 0.003229
159 0.000630 0.003277
160 0.000612 0.002976
161 0.000675 0.003081
162 0.000592 0.003363
163 0.000615 0.003103
164 0.000587 0.003461
165 0.000725 0.003477
166 0.000697 0.002867
167 0.000632 0.004304
168 0.000619 0.003224
169 0.000612 0.003970
170 0.000751 0.004237
171 0.000540 0.004044
172 0.000800 0.003422
173 0.000625 0.003613
174 0.000623 0.003201
175 0.000642 0.004588
176 0.000659 0.003675
177 0.000774 0.003536
178 0.000621 0.004016
179 0.000830 0.003632
180 0.000759 0.003331
181 0.000612 0.004435
182 0.000680 0.003253
183 0.000629 0.004191
184 0.000743 0.003750
185 0.000766 0.003481
186 0.000728 0.004835
187 0.000843 0.003943
188 0.000672 0.003153
189 0.000666 0.004847
190 0.000671 0.003437
191 0.000748 0.004059
192 0.000827 0.003933
193 0.000822 0.003638
194 0.000664 0.004396
195 0.000549 0.003524
196 0.000976 0.003990
197 0.000684 0.005096
198 0.000772 0.003862
199 0.000868 0.004177
200 0.000622 0.003873
201 0.000945 0.003922
202 0.000604 0.005241
203 0.000742 0.003708
204 0.000791 0.004079
205 0.000740 0.005257
206 0.000717 0.003487
207 0.000828 0.004370
208 0.000671 0.003378
209 0.000754 0.004854
210 0.000623 0.003046
211 0.000648 0.002977
212 0.000624 0.003131
213 0.000635 0.004950
214 0.000863 0.004860
215 0.000962 0.003668
216 0.000860 0.004954
217 0.000953 0.004503
218 0.000801 0.003585
219 0.000971 0.004589
220 0.000998 0.004369
221 0.000989 0.004353
222 0.000898 0.004581
223 0.000893 0.005815
224 0.000762 0.005306
225 0.000993 0.003928
226 0.000920 0.004668
227 0.000782 0.004708
228 0.001044 0.004125
229 0.000790 0.005255
230 0.001043 0.004293
231 0.001004 0.003664
232 0.000969 0.005346
233 0.000878 0.004001
234 0.000904 0.004972
235 0.000842 0.005329
236 0.001050 0.004198
237 0.001025 0.004916
238 0.000967 0.005546
239 0.001080 0.004704
240 0.001098 0.004618
241 0.000884 0.005387
242 0.000880 0.005006
243 0.001092 0.004269
244 0.001071 0.004510
245 0.000999 0.006351
246 0.000724 0.005648
247 0.001176 0.004559
248 0.001109 0.004544
249 0.000998 0.005598
250 0.001107 0.004694
251 0.000973 0.004454
252 0.001202 0.004815
253 0.000675 0.003076
254 0.001274 0.004683
255 0.001089 0.006534
256 0.000863 0.006453
257 0.001251 0.005241
258 0.001325 0.005160
259 0.001220 0.004662
260 0.001107 0.004847
261 0.001200 0.004994
262 0.001317 0.004703
263 0.001308 0.005186
264 0.001244 0.005510
265 0.000988 0.005520
266 0.001196 0.005358
267 0.001347 0.004758
268 0.001208 0.004974
269 0.001314 0.005120
270 0.001185 0.004383
271 0.000889 0.005493
272 0.001250 0.006200
273 0.001466 0.005753
274 0.001420 0.006356
275 0.001375 0.006376
276 0.000972 0.005203
277 0.001420 0.005312
278 0.001397 0.005021
279 0.001213 0.006367
280 0.001308 0.005978
281 0.000819 0.007149
282 0.000966 0.005873
283 0.001299 0.005127
284 0.001380 0.005104
285 0.001352 0.005190
286 0.001585 0.005283
287 0.001114 0.007376
288 0.001481 0.006989
289 0.001042 0.006700
290 0.001348 0.006224
291 0.001000 0.006263
292 0.001179 0.005266
293 0.001346 0.005033
294 0.001282 0.006081
295 0.001458 0.006289
296 0.000975 0.006610
297 0.001295 0.005961
298 0.001444 0.006240
299 0.001407 0.005527
300 0.001293 0.005153
301 0.001394 0.005507
302 0.001378 0.005925
303 0.001255 0.006951
304 0.001496 0.006106
305 0.001377 0.006443
306 0.001403 0.006346
307 0.001343 0.005696
308 0.001459 0.005286
309 0.001523 0.005552
310 0.001262 0.006548
311 0.001204 0.006979
312 0.001715 0.006173
313 0.001076 0.008258
314 0.001433 0.005774
315 0.001326 0.008143
316 0.001134 0.008083
317 0.001215 0.007285
318 0.001489 0.005835
319 0.001569 0.006753
320 0.001550 0.007341
321 0.001120 0.008053
322 0.001420 0.006527
323 0.001661 0.006508
324 0.001750 0.007568
325 0.001699 0.004846
326 0.001503 0.005955
327 0.001266 0.006590
328 0.001682 0.006119
329 0.001591 0.005690
330 0.001669 0.005704
331 0.001461 0.006070
332 0.001710 0.006447
333 0.001432 0.007264
334 0.001082 0.006388
335 0.001687 0.005065
336 0.001735 0.007117
337 0.001275 0.003957
338 0.001010 0.004079
339 0.001031 0.004537
340 0.001387 0.006210
341 0.001758 0.007391
342 0.001371 0.007076
343 0.001775 0.007121
344 0.001123 0.006470
345 0.001386 0.005755
346 0.001830 0.006007
347 0.001602 0.006246
348 0.001737 0.006774
349 0.001624 0.006926
350 0.001133 0.007541
351 0.001291 0.007708
352 0.001116 0.008510
353 0.001135 0.007995
354 0.001504 0.007429
355 0.001375 0.008354
356 0.001526 0.007890
357 0.001189 0.007753
358 0.001626 0.007401
359 0.001380 0.004599
360 0.001332 0.004650
361 0.001358 0.004688
362 0.001347 0.004812
363 0.001668 0.007634
364 0.001257 0.008161
365 0.001179 0.008453
366 0.001185 0.009284
367 0.001201 0.007749
368 0.001275 0.008106
369 0.001677 0.007195
370 0.001862 0.006583
371 0.001817 0.006631
372 0.001788 0.006394
373 0.002006 0.006967
374 0.001924 0.007046
375 0.002320 0.006804
376 0.002158 0.007936
377 0.001943 0.007026
378 0.002083 0.007542
379 0.002139 0.006883
380 0.001319 0.007415
381 0.001813 0.006996
382 0.001720 0.007955
383 0.001501 0.008606
384 0.001323 0.007825
385 0.001358 0.008578
386 0.001392 0.008574
387 0.001305 0.008141
388 0.001817 0.007839
389 0.001300 0.007524
390 0.001394 0.009620
391 0.001338 0.008655
392 0.001464 0.008212
393 0.001413 0.008661
394 0.001525 0.007749
395 0.001891 0.007850
396 0.001357 0.008547
397 0.001447 0.008794
398 0.001457 0.007762
399 0.001371 0.008404
400 0.001437 0.007886
