1 0.000014 0.000058
2 0.000015 0.000078
3 0.000031 0.000096
4 0.000032 0.000117
5 0.000038 0.000148
6 0.000044 0.000174
7 0.000055 0.000205
8 0.000067 0.000232
9 0.000068 0.000267
10 0.000081 0.000299
11 0.000093 0.000955
12 0.000100 0.000387
13 0.000115 0.000403
14 0.000121 0.000441
15 0.000140 0.000487
16 0.000157 0.000544
17 0.000169 0.000625
18 0.000184 0.000606
19 0.000195 0.000636
20 0.000215 0.000737
21 0.000233 0.000828
22 0.000256 0.000899
23 0.000276 0.000825
24 0.000291 0.001843
25 0.000308 0.000954
26 0.000326 0.000981
27 0.000357 0.001039
28 0.000374 0.001100
29 0.001140 0.001241
30 0.000423 0.001232
31 0.000485 0.001274
32 0.000482 0.001367
33 0.000490 0.001410
34 0.000526 0.001519
35 0.000546 0.001541
36 0.000574 0.002675
37 0.000598 0.003267
38 0.000628 0.001729
39 0.000656 0.001817
40 0.000679 0.001886
41 0.000711 0.002001
42 0.000744 0.002062
43 0.000794 0.002106
44 0.000813 0.002174
45 0.000851 0.002468
46 0.001178 0.002400
47 0.000934 0.002441
48 0.000964 0.002625
49 0.000995 0.002615
50 0.001104 0.002764
51 0.001186 0.002808
52 0.001118 0.002868
53 0.001152 0.004370
54 0.001192 0.003093
55 0.001213 0.004124
56 0.001263 0.003273
57 0.001327 0.003397
58 0.001333 0.003573
59 0.001392 0.003628
60 0.001571 0.005697
61 0.001480 0.005029
62 0.001548 0.004676
63 0.001605 0.004088
64 0.001610 0.004144
65 0.001710 0.004328
66 0.001749 0.007279
67 0.001774 0.004527
68 0.001818 0.004671
69 0.001900 0.004694
70 0.001960 0.004838
71 0.001992 0.006001
72 0.002047 0.005692
73 0.002245 0.006217
74 0.002208 0.005429
75 0.002241 0.005513
76 0.002237 0.005624
77 0.002326 0.005754
78 0.002378 0.007180
79 0.002467 0.007143
80 0.002502 0.006292
81 0.002536 0.006233
82 0.002594 0.006341
83 0.002701 0.006886
84 0.003595 0.007743
85 0.002824 0.006851
86 0.002935 0.007170
87 0.002955 0.008054
88 0.002957 0.007590
89 0.003021 0.007459
90 0.003163 0.008698
91 0.003202 0.007731
92 0.003338 0.007899
93 0.003326 0.012055
94 0.003365 0.008255
95 0.003480 0.008368
96 0.003651 0.008499
97 0.003565 0.008739
98 0.003742 0.009673
99 0.003754 0.009077
100 0.003850 0.009273
101 0.003938 0.009432
102 0.003975 0.013987
103 0.004060 0.009668
104 0.004149 0.009918
105 0.004223 0.011620
106 0.004379 0.010824
107 0.004362 0.011436
108 0.004513 0.012157
109 0.004577 0.011799
110 0.004718 0.017757
111 0.004784 0.011063
112 0.004857 0.011287
113 0.004912 0.011540
114 0.004912 0.018093
115 0.005234 0.012567
116 0.005291 0.012952
117 0.005344 0.012125
118 0.005470 0.013513
119 0.005701 0.012798
120 0.005674 0.013762
121 0.005751 0.014367
122 0.005996 0.013195
123 0.006036 0.014620
124 0.006010 0.013994
125 0.008372 0.015088
126 0.006390 0.014620
127 0.006283 0.014766
128 0.006497 0.014718
129 0.006615 0.014792
130 0.006633 0.014912
131 0.006703 0.017464
132 0.006988 0.016571
133 0.007060 0.016540
134 0.008541 0.016813
135 0.007280 0.022676
136 0.007235 0.017102
137 0.007819 0.018820
138 0.007810 0.017731
139 0.007719 0.020152
140 0.007793 0.018238
141 0.007456 0.018320
142 0.008078 0.019812
143 0.008039 0.018712
144 0.008154 0.019067
145 0.008338 0.021858
146 0.008259 0.018757
147 0.008588 0.018887
148 0.008693 0.020454
149 0.008679 0.019357
150 0.009002 0.019666
151 0.009202 0.021314
152 0.009065 0.021181
153 0.009145 0.023488
154 0.009650 0.021539
155 0.009737 0.021071
156 0.009834 0.022551
157 0.010024 0.021636
158 0.010626 0.024792
159 0.011557 0.021958
160 0.010358 0.023498
161 0.010465 0.036138
162 0.013842 0.023508
163 0.010639 0.024527
164 0.013049 0.023307
165 0.010946 0.024613
166 0.011075 0.028419
167 0.011230 0.025165
168 0.011443 0.024666
169 0.013920 0.026103
170 0.011906 0.025858
171 0.011750 0.032068
172 0.012797 0.025898
173 0.012092 0.026127
174 0.012587 0.026310
175 0.012282 0.026576
176 0.012463 0.027931
177 0.012500 0.027207
178 0.012653 0.027771
179 0.013059 0.027715
180 0.013143 0.028081
181 0.013165 0.028899
182 0.013958 0.029519
183 0.014045 0.033257
184 0.013947 0.029570
185 0.015526 0.031500
186 0.014496 0.030653
187 0.014847 0.031132
188 0.014708 0.030645
189 0.014752 0.034226
190 0.019197 0.033134
191 0.014588 0.032992
192 0.014679 0.032227
193 0.014911 0.034728
194 0.015089 0.032643
195 0.015845 0.036606
196 0.015854 0.034620
197 0.016030 0.035388
198 0.021468 0.035003
199 0.016356 0.037095
200 0.016490 0.035028
