1 0.000065 0.000108
2 0.000075 0.000093
3 0.000040 0.000085
4 0.000071 0.000179
5 0.000082 0.000190
6 0.000089 0.000272
7 0.000069 0.000285
8 0.000096 0.000307
9 0.000093 0.000361
10 0.000095 0.000416
11 0.000112 0.000416
12 0.000124 0.000482
13 0.000103 0.000461
14 0.000114 0.000539
15 0.000109 0.000510
16 0.000105 0.000543
17 0.000121 0.000578
18 0.000128 0.000556
19 0.000134 0.000608
20 0.000140 0.000719
21 0.000149 0.000633
22 0.000159 0.000817
23 0.000128 0.000798
24 0.000158 0.000678
25 0.000153 0.000796
26 0.000149 0.000887
27 0.000176 0.000909
28 0.000175 0.000987
29 0.000171 0.000683
30 0.000135 0.000741
31 0.000119 0.000707
32 0.000130 0.000955
33 0.000179 0.001138
34 0.000203 0.001005
35 0.000172 0.001033
36 0.000208 0.000925
37 0.000152 0.000981
38 0.000231 0.001164
39 0.000175 0.001138
40 0.000192 0.001115
41 0.000209 0.001333
42 0.000227 0.001224
43 0.000243 0.001296
44 0.000175 0.000964
45 0.000128 0.001089
46 0.000137 0.000931
47 0.000237 0.001360
48 0.000202 0.001250
49 0.000203 0.001380
50 0.000236 0.001096
51 0.000169 0.001428
52 0.000333 0.001458
53 0.000189 0.001706
54 0.000261 0.001102
55 0.000248 0.001573
56 0.000228 0.001849
57 0.000225 0.001373
58 0.000220 0.001381
59 0.000259 0.001876
60 0.000300 0.001387
61 0.000274 0.001745
62 0.000219 0.001807
63 0.000211 0.001462
64 0.000246 0.001583
65 0.000284 0.001678
66 0.000221 0.001748
67 0.000322 0.001720
68 0.000261 0.001622
69 0.000228 0.001839
70 0.000294 0.001639
71 0.000338 0.001891
72 0.000281 0.001909
73 0.000243 0.001617
74 0.000269 0.002101
75 0.000324 0.002022
76 0.000346 0.002276
77 0.000210 0.001443
78 0.000291 0.001874
79 0.000265 0.002396
80 0.000261 0.001724
81 0.000298 0.001910
82 0.000303 0.002002
83 0.000344 0.002468
84 0.000344 0.002252
85 0.000270 0.002461
86 0.000380 0.002088
87 0.000284 0.002198
88 0.000431 0.002283
89 0.000255 0.002130
90 0.000367 0.002377
91 0.000308 0.002120
92 0.000369 0.002407
93 0.000343 0.002187
94 0.000320 0.002092
95 0.000334 0.002329
96 0.000326 0.002239
97 0.000326 0.002157
98 0.000359 0.002339
99 0.000443 0.002568
100 0.000380 0.002849
101 0.000444 0.002227
102 0.000344 0.002749
103 0.000266 0.002074
104 0.000388 0.002416
105 0.000397 0.002694
106 0.000437 0.002195
107 0.000341 0.002450
108 0.000380 0.003292
109 0.000352 0.002754
110 0.000395 0.002480
111 0.000400 0.002796
112 0.000314 0.002844
113 0.000461 0.002302
114 0.000373 0.002833
115 0.000461 0.002512
116 0.000401 0.002893
117 0.000431 0.002314
118 0.000469 0.002956
119 0.000360 0.002342
120 0.000386 0.002731
121 0.000423 0.002271
122 0.000479 0.003392
123 0.000400 0.002613
124 0.000375 0.003467
125 0.000495 0.002226
126 0.000266 0.003495
127 0.000435 0.002951
128 0.000423 0.003238
129 0.000432 0.003196
130 0.000456 0.002912
131 0.000459 0.003249
132 0.000402 0.002603
133 0.000380 0.003690
134 0.000462 0.002745
135 0.000412 0.002911
136 0.000454 0.003119
137 0.000470 0.002716
138 0.000414 0.003464
139 0.000543 0.002733
140 0.000386 0.004195
141 0.000387 0.002594
142 0.000417 0.003977
143 0.000400 0.002827
144 0.000428 0.003111
145 0.000444 0.003996
146 0.000604 0.003061
147 0.000527 0.003287
148 0.000496 0.003387
149 0.000577 0.003158
150 0.000414 0.003677
151 0.000565 0.002861
152 0.000438 0.003574
153 0.000537 0.003367
154 0.000510 0.003248
155 0.000336 0.002143
156 0.000674 0.003874
157 0.000539 0.003333
158 0.000545 0.003191
159 0.000508 0.003161
160 0.000437 0.003983
161 0.000443 0.003139
162 0.000561 0.003537
163 0.000569 0.003579
164 0.000527 0.003176
165 0.000624 0.003537
166 0.000548 0.003194
167 0.000497 0.003598
168 0.000517 0.003472
169 0.000566 0.003691
170 0.000603 0.004060
171 0.000498 0.003937
172 0.000460 0.004475
173 0.000659 0.004205
174 0.000663 0.003108
175 0.000591 0.003666
176 0.000556 0.003397
177 0.000532 0.003665
178 0.000606 0.003851
179 0.000580 0.003421
180 0.000539 0.003860
181 0.000516 0.004132
182 0.000526 0.003508
183 0.000584 0.004357
184 0.000626 0.003347
185 0.000589 0.004950
186 0.000419 0.004030
187 0.000623 0.003902
188 0.000638 0.003836
189 0.000505 0.005124
190 0.000634 0.003990
191 0.000551 0.003698
192 0.000609 0.004586
193 0.000567 0.004029
194 0.000532 0.003385
195 0.000516 0.005223
196 0.000520 0.004657
197 0.000610 0.003461
198 0.000517 0.004168
199 0.000619 0.003969
200 0.000638 0.004396
201 0.000655 0.004340
202 0.000566 0.003847
203 0.000630 0.004387
204 0.000586 0.004116
205 0.000582 0.003876
206 0.000592 0.005276
207 0.000570 0.004811
208 0.000583 0.003851
209 0.000591 0.004958
210 0.000728 0.004603
211 0.000577 0.004556
212 0.000603 0.004069
213 0.000596 0.005039
214 0.000593 0.004627
215 0.000615 0.004022
216 0.000527 0.005841
217 0.000439 0.004913
218 0.000742 0.004458
219 0.000626 0.004172
220 0.000573 0.004088
221 0.000719 0.004227
222 0.000634 0.004634
223 0.000798 0.004486
224 0.000642 0.005348
225 0.000557 0.005989
226 0.000690 0.004256
227 0.000627 0.004112
228 0.000666 0.004863
229 0.000597 0.006043
230 0.000675 0.004920
231 0.000650 0.005469
232 0.000658 0.004747
233 0.000573 0.006196
234 0.000529 0.004880
235 0.000607 0.004133
236 0.000605 0.005991
237 0.000613 0.004246
238 0.000512 0.004311
239 0.000415 0.002854
240 0.000418 0.004906
241 0.000756 0.005207
242 0.000769 0.005119
243 0.000580 0.003993
244 0.000450 0.003210
245 0.000453 0.003136
246 0.000470 0.003299
247 0.000498 0.003974
248 0.000896 0.005008
249 0.000654 0.006555
250 0.000656 0.006663
251 0.000498 0.006562
252 0.000853 0.005960
253 0.000823 0.005978
254 0.000638 0.005560
255 0.000792 0.004841
256 0.000674 0.004823
257 0.000645 0.006473
258 0.000520 0.003559
259 0.000888 0.005181
260 0.000677 0.005644
261 0.000834 0.005405
262 0.000816 0.005485
263 0.000821 0.005426
264 0.000851 0.004916
265 0.000755 0.006344
266 0.000497 0.004965
267 0.000758 0.005691
268 0.000853 0.003853
269 0.000644 0.005455
270 0.000854 0.005514
271 0.000752 0.005098
272 0.000796 0.006265
273 0.000688 0.005933
274 0.000706 0.006634
275 0.000884 0.006408
276 0.000720 0.007332
277 0.000686 0.005844
278 0.000743 0.005652
279 0.000823 0.005229
280 0.000790 0.004892
281 0.000730 0.007092
282 0.000483 0.007051
283 0.000516 0.006966
284 0.000858 0.004335
285 0.000769 0.006706
286 0.000569 0.007346
287 0.001004 0.004603
288 0.000644 0.005347
289 0.000741 0.005937
290 0.000840 0.006130
291 0.000549 0.006332
292 0.000776 0.005451
293 0.000917 0.005432
294 0.000832 0.005096
295 0.000759 0.006820
296 0.000626 0.006350
297 0.000685 0.007814
298 0.000965 0.006140
299 0.000781 0.003839
300 0.000551 0.004371
